[ Info:   iter  PG iter     f(x)     h(x)      ξ1       ξ        ρ       Δ     ‖x‖     ‖s‖    ‖Bₖ‖ TR
[ Info:      1        1  2.0e+02  5.0e+00 0.0e+00 0.0e+00 -1.0e+00 1.0e+00 1.0e+00 0.0e+00 1.0e+00  
(xk, ψ.x, ψ.x0, s1, ψ.χ(s1), ψ.Δ, ∇fk, 1 / νInv) = ([1.0, 1.0, 1.0, 1.0, 1.0], [0.0, 0.0, 0.0, 0.0, 0.0], [1.0, 1.0, 1.0, 1.0, 1.0], [-1.0, 1.0, -1.0, -1.0, 1.0], 1.0, 1.0, [1373.2405076424225, -438.53157376297736, 231.35628402620748, 801.5679272805772, -1272.2983805660174], 0.9990009990009991)
(xk, ψ.x, ψ.x0, s, ψ.χ(s), ψ.Δ) = ([1.0, 1.0, 1.0, 1.0, 1.0], [0.0, 0.0, 0.0, 0.0, 0.0], [1.0, 1.0, 1.0, 1.0, 1.0], [-1.0, 1.0, -1.0, -1.0, 1.0], 1.0, 1.0)
[ Info:      2        2  2.0e+02  5.0e+00 4.1e+03 4.1e+03 -2.7e+01 5.0e-01 1.0e+00 1.0e+00 1.0e+00 ↘
(xk, ψ.x, ψ.x0, s1, ψ.χ(s1), ψ.Δ, ∇fk, 1 / νInv) = ([1.0, 1.0, 1.0, 1.0, 1.0], [0.0, 0.0, 0.0, 0.0, 0.0], [1.0, 1.0, 1.0, 1.0, 1.0], [-0.5, 0.5, -0.5, -0.5, 0.5], 0.5, 0.5, [1373.2405076424225, -438.53157376297736, 231.35628402620748, 801.5679272805772, -1272.2983805660174], 0.9990009990009991)
(xk, ψ.x, ψ.x0, s, ψ.χ(s), ψ.Δ) = ([1.0, 1.0, 1.0, 1.0, 1.0], [0.0, 0.0, 0.0, 0.0, 0.0], [1.0, 1.0, 1.0, 1.0, 1.0], [-0.5, 0.5, -0.5, -0.5, 0.5], 0.5, 0.5)
[ Info:      3        2  2.0e+02  5.0e+00 2.1e+03 2.1e+03 -4.9e-02 2.5e-01 1.0e+00 5.0e-01 1.0e+00 ↘
(xk, ψ.x, ψ.x0, s1, ψ.χ(s1), ψ.Δ, ∇fk, 1 / νInv) = ([1.0, 1.0, 1.0, 1.0, 1.0], [0.0, 0.0, 0.0, 0.0, 0.0], [1.0, 1.0, 1.0, 1.0, 1.0], [-0.25, 0.25, -0.25, -0.25, 0.25], 0.25, 0.25, [1373.2405076424225, -438.53157376297736, 231.35628402620748, 801.5679272805772, -1272.2983805660174], 0.9990009990009991)
(xk, ψ.x, ψ.x0, s, ψ.χ(s), ψ.Δ) = ([1.0, 1.0, 1.0, 1.0, 1.0], [0.0, 0.0, 0.0, 0.0, 0.0], [1.0, 1.0, 1.0, 1.0, 1.0], [-0.25, 0.25, -0.25, -0.25, 0.25], 0.25, 0.25)
[ Info:      4        2  1.7e+02  5.0e+00 1.0e+03 1.0e+03  2.9e-02 2.5e-01 1.3e+00 2.5e-01 4.4e+03 =
(xk, ψ.x, ψ.x0, s1, ψ.χ(s1), ψ.Δ, ∇fk, 1 / νInv) = ([0.75, 1.25, 0.75, 0.75, 1.25], [0.0, 0.0, 0.0, 0.0, 0.0], [0.75, 1.25, 0.75, 0.75, 1.25], [0.005161625185523673, -0.0030467785349659574, 0.018049730273990573, 0.014443694730825468, -0.0217556291390083], 0.0217556291390083, 0.25, [-22.923204165310207, 13.530995353825473, -80.1603443349381, -64.14564237339835, 96.61854756461993], 0.0002251703186125605)
(xk, ψ.x, ψ.x0, s, ψ.χ(s), ψ.Δ) = ([0.75, 1.25, 0.75, 0.75, 1.25], [0.0, 0.0, 0.0, 0.0, 0.0], [0.75, 1.25, 0.75, 0.75, 1.25], [-0.0005756850015718792, -0.016197362324130927, 0.03402742466566899, 0.01932915642112934, -0.01658007908806329], 0.03402742466566899, 0.25)
[ Info:      5        3  1.7e+02  5.0e+00 2.6e+00 3.7e+00  1.5e+00 2.5e-01 1.2e+00 3.4e-02 5.6e+02 ↗
(xk, ψ.x, ψ.x0, s1, ψ.χ(s1), ψ.Δ, ∇fk, 1 / νInv) = ([0.7494243149984281, 1.233802637675869, 0.784027424665669, 0.7693291564211293, 1.2334199209119368], [0.0, 0.0, 0.0, 0.0, 0.0], [0.7494243149984281, 1.233802637675869, 0.784027424665669, 0.7693291564211293, 1.2334199209119368], [0.043939321950425214, -0.0242944273951557, 0.12627159778911456, 0.10244710427133076, -0.16294896326527908], 0.16294896326527908, 0.25, [-24.50779987420662, 13.550572431014878, -70.42983166430002, -57.141371730918465, 90.8871690355308], 0.0017928709299062547)
(xk, ψ.x, ψ.x0, s, ψ.χ(s), ψ.Δ) = ([0.7494243149984281, 1.233802637675869, 0.784027424665669, 0.7693291564211293, 1.2334199209119368], [0.0, 0.0, 0.0, 0.0, 0.0], [0.7494243149984281, 1.233802637675869, 0.784027424665669, 0.7693291564211293, 1.2334199209119368], [0.14788132978497837, -0.25, 0.25, 0.13944331028980866, -0.25], 0.25, 0.25)